contaminants=100.4|viruses=0.05|author=Cal Stephens|safety=TREATABLE|lon=-84.40297014819339|time=Sun Oct 23 16:22:50 EDT 2016|id=0|lat=33.779044360866315|username=cal
contaminants=1.0E-4|viruses=0.02|author=Cal Stephens|safety=SAFE|lon=-84.41550142871097|time=Sun Oct 23 16:23:58 EDT 2016|id=1|lat=33.791100213547516|username=cal
contaminants=0.0|viruses=0.0|safety=SAFE|lon=-84.40091021166995|time=Sun Oct 23 16:34:20 EDT 2016|id=2|lat=33.79045822867691|username=worker
contaminants=1042.0|viruses=0.03|safety=TREATABLE|lon=-88.00047762500003|time=Sun Oct 23 16:35:58 EDT 2016|id=3|lat=26.32969580650944|username=worker
